[metadata]
addr = 0x6c30
size = 0x24
last_change = 2023-08-18T00:07:58.520449Z

[header]
last_change = 2023-08-18T00:07:58.520449Z
name = "main"
addr = 0x6c30
