[metadata]
addr = 0x40320
size = 0x1
last_change = 2023-08-18T00:08:03.747793Z

[header]
last_change = 2023-08-18T00:08:03.747793Z
name = "fini"
addr = 0x40320
