[metadata]
addr = 0x402c0
size = 0x5d
last_change = 2023-08-18T00:08:03.831962Z

[header]
last_change = 2023-08-18T00:08:03.831962Z
name = "init"
addr = 0x402c0
